55
65
50
79
61
82
50
64
79
63
41
61
64
87
91
51
50
66
35
49
77
68
74
60
59
69
46
80
59
57
40
54
64
103
55
62
57
86
69
80
56
64
67
70
63
73
36
41
48
55
56
48
57
67
54
69
100
54
51
63
66
70
66
66
64
42
63
66
71
36
42
62
51
75
71
102
89
31
48
62
70
69
51
79
76
54
82
57
57
66
45
71
62
61
40
69
73
61
70
71
48
58
72
69
71
64
69
100
43
73
52
71
31
76
63
45
69
53
54
85
28
59
52
60
84
68
50
72
61
65
59
60
67
49
52
40
72
69
42
57
64
58
63
52
53
47
58
73
66
46
53
64
59
89
60
59
53
0
71
40
53
59
72
60
68
66
46
70
60
51
71
68
63
60
62
71
62
46
48
56
67
71
53
45
64
76
52
67
78
57
61
73
58
53
59
96
66
43
65
59
65
75
51
75
53
58
74
59
58
82
77
63
57
54
74
45
63
50
57
66
78
55
57
54
70
70
44
67
68
48
64
61
51
54
66
62
48
58
58
62
60
51
97
59
64
66
69
58
73
65
69
45
72
63
69
67
58
70
67
66
42
56
69
56
82
42
63
72
62
70
82
42
51
63
56
61
70
67
47
74
74
71
61
59
49
66
60
73
50
62
66
80
60
74
62
62
59
59
62
67
64
65
60
35
65
76
58
74
57
62
63
49
72
54
50
68
89
73
71
63
52
70
65
81
57
52
83
52
54
68
65
52
55
71
47
69
70
72
40
58
84
75
57
68
65
71
69
61
67
48
31
68
73
92
43
71
45
77
59
56
114
41
70
41
45
74
75
68
49
65
60
82
64
73
101
61
109
41
49
69
50
80
80
51
72
76
48
42
65
63
59
61
41
75
81
53
39
37
52
75
75
62
69
64
80
32
51
45
52
59
77
68
59
66
58
63
66
62
50
59
60
59
71
55
57
56
58
78
87
23
75
70
78
57
80
36
76
36
100
34
57
66
60
55
49
67
62
66
58
56
64
61
56
63
50
25
67
87
27
90
54
66
51
67
63
75
34
54
55
90
65
63
57
68
72
48
74
71
60
61
53
58
59
68
106
56
65
73
66
46
38
76
50
51
77
77
70
61
38
56
75
63
67
68
51
53
59
79
56
59
43
60
55
53
41
72
53
68
61
50
55
68
52
69
57
79
65
76
93
46
53
74
66
65
64
35
56
77
68
60
52
39
72
37
46
47
55
71
98
60
45
52
81
75
74
59
55
59
55
52
67
42
62
47
73
64
93
42
58
58
43
72
53
62
67
69
57
80
72
74
37
68
65
52
59
53
52
78
66
71
70
55
68
62
63
58
62
47
68
46
38
59
50
59
68
69
63
54
61
79
65
68
71
70
89
65
54
43
39
79
60
68
69
61
45
62
55
74
69
53
72
67
57
101
64
77
68
40
53
96
68
45
69
58
45
71
57
62
36
45
64
56
78
64
63
63
70
74
71
67
51
53
59
65
73
57
62
60
74
68
53
63
64
82
76
70
76
73
73
48
74
61
62
71
82
67
60
46
64
52
44
53
64
40
69
61
74
69
69
64
65
72
33
51
51
48
66
53
65
28
66
64
57
76
58
64
53
73
65
64
40
49
44
36
61
79
62
56
64
89
54
60
72
79
47
57
67
60
69
50
53
70
73
29
53
50
68
80
42
62
96
78
66
65
65
58
82
71
62
47
78
60
58
29
71
57
69
64
61
77
60
76
75
57
56
71
56
35
65
80
45
51
65
49
73
53
72
75
51
58
63
73
56
72
70
64
79
50
64
60
61
68
61
59
64
31
66
62
52
69
71
38
66
61
48
63
61
51
73
68
67
71
50
66
91
66
62
57
69
55
60
62
65
61
71
55
70
61
50
55
71
62
36
62
53
64
52
68
35
76
40
70
59
61
73
64
62
62
58
64
72
71
71
50
49
58
80
64
63
71
71
53
70
64
55
62
70
75
75
64
50
90
52
52
66
96
80
60
44
46
61
75
62
63
52
50
70
74
92
71
60
61
58
57
72
68
54
38
58
45
45
45
67
24
62
53
70
59
78
39
63
73
47
87
77
82
65
50
65
74
35
68
59
63
60
79
90
70
48
39
72
56
65
67
54
75
67
32
52
69
84
63
63
89
66
68
50
5
70
73
60
67
38
51
40
71
67
46
49
66
64
51
45
63
58
47
42
61
72
57
65
52
75
59
45
63
46
73
71
74
89
75
40
64
74
66
51
81
79
61
53
64
46
51
70
48
52
65
54
73
67
66
62
43
56
85
57
81
60
65
70
74
58
61
60
100
70
68
66
69
62
54
64
64
72
57
42
51
83
53
60
59
61
68
54
67
81
74
76
79
68
56
62
46
84
79
45
33
59
82
74
73
60
57
56
63
52
75
58
75
59
58
71
44
60
82
68
57
68
57
46
43
61
43
56
63
58
93
48
33
51
73
58
49
76
62
61
65
77
71
55
60
60
55
61
52
59
53
48
66
50
72
70
58
52
80
66
59
66
68
41
76
71
48
64
65
59
74
57
60
55
64
51
67
69
61
49
53
62
67
62
67
39
66
59
53
55
67
57
60
44
71
45
61
63
72
75
56
70
58
63
53
72
111
53
18
81
78
43
79
81
81
67
57
66
55
64
51
77
51
64
50
62
37
54
56
63
45
58
57
56
41
65
53
59
66
61
60
88
62
78
62
95
59
109
73
35
68
63
74
35
66
68
60
71
76
73
63
115
66
65
52
56
75
91
42
58
56
65
53
73
66
70
69
74
61
83
53
78
34
59
60
56
81
63
84
57
103
67
58
64
27
65
56
33
73
70
61
67
52
81
63
65
57
58
59
92
53
72
78
77
55
70
54
71
67
59
70
52
64
49
54
60
69
42
52
50
52
60
73
63
55
61
49
53
63
56
64
39
51
49
63
66
72
65
72
68
76
47
84
66
62
50
70
62
50
16
76
76
27
49
52
40
55
73
40
55
43
61
60
68
61
63
52
76
115
47
61
60
75
71
89
50
56
95
71
52
65
64
58
33
61
67
54
74
61
62
65
65
68
62
55
87
81
69
77
58
61
88
79
63
83
65
52
65
68
97
65
59
52
79
66
54
62
55
58
25
51
57
61
84
50
67
64
69
80
71
97
67
63
72
57
58
53
69
56
57
73
63
47
79
62
61
69
74
66
53
65
41
79
66
64
81
68
71
51
59
44
70
82
58
58
58
52
68
56
82
68
47
68
62
72
62
61
64
68
47
85
14
63
92
62
61
68
46
58
42
51
64
76
60
61
63
57
60
67
62
76
62
56
71
64
63
49
65
70
79
65
69
78
38
57
45
71
112
50
62
75
67
76
61
39
30
33
63
50
63
69
54
73
58
55
58
38
56
95
60
53
49
71
68
63
69
45
41
61
68
63
78
67
69
82
82
83
54
66
80
91
61
61
70
65
57
76
46
68
22
72
80
41
73
69
68
56
62
72
55
70
63
67
54
81
54
65
68
43
82
60
29
56
54
63
80
62
56
52
75
62
58
43
66
66
70
61
65
49
52
52
37
38
76
65
59
62
65
50
68
63
64
69
42
60
74
66
53
44
66
57
58
46
64
51
38
71
96
58
60
62
16
46
61
71
72
59
62
49
77
76
50
77
64
62
63
75
71
66
83
69
63
62
85
57
64
52
72
45
90
68
90
70
50
56
77
74
72
56
86
62
71
52
55
42
69
33
44
37
41
58
71
70
74
71
67
57
67
30
55
54
59
62
42
81
55
73
65
59
73
65
64
74
51
46
54
74
73
50
47
52
66
62
64
63
76
69
35
38
72
44
62
32
59
70
58
39
58
53
76
61
89
65
53
43
67
55
83
73
66
47
79
20
64
72
81
63
83
64
55
98
58
60
61
57
63
52
73
65
56
74
72
67
55
63
62
64
45
62
47
75
70
63
67
67
59
74
65
85
71
68
70
106
65
72
49
76
59
57
55
84
40
54
42
70
42
69
42
62
65
75
26
64
40
51
65
58
71
62
68
61
91
91
84
65
71
65
69
68
12
64
50
54
54
93
79
66
61
78
44
61
56
48
68
68
49
63
69
59
62
75
56
73
69
66
82
85
74
63
68
49
72
53
65
65
55
59
71
66
72
53
37
37
55
66
74
62
54
46
39
58
47
44
64
64
72
50
44
39
63
18
66
75
59
63
59
90
81
55
71
73
68
53
67
72
57
59
51
40
91
73
75
79
42
58
57
57
62
66
60
40
71
80
50
73
75
79
63
70
64
66
85
62
58
74
64
53
52
53
64
86
79
40
62
46
57
75
52
57
86
52
53
66
63
66
48
56
47
72
62
55
26
63
79
50
69
59
80
64
68
59
49
51
70
68
61
62
64
57
74
65
66
54
35
78
52
83
64
68
90
69
76
66
63
55
54
40
62
54
49
72
58
34
64
70
61
60
75
47
77
55
64
72
44
58
57
84
78
57
60
65
59
61
50
84
79
53
54
54
69
52
58
77
80
26
56
49
65
51
81
72
66
55
69
84
62
71
61
74
66
78
77
63
53
59
50
51
47
35
61
52
78
31
63
47
69
32
70
74
59
56
62
62
63
67
74
77
60
56
58
53
52
78
43
65
70
75
89
69
62
61
66
60
60
59
92
51
60
90
66
58
67
66
55
58
58
70
55
68
57
64
60
64
67
61
73
62
57
62
78
46
61
64
76
71
48
67
75
73
42
76
74
60
61
48
55
53
52
63
70
66
69
62
61
42
50
68
68
57
89
65
69
64
62
53
59
54
48
53
56
63
55
61
51
78
46
70
40
59
57
62
63
49
56
47
48
98
61
65
36
72
55
55
71
66
74
42
67
60
54
51
60
57
52
57
57
76
88
90
60
55
50
75
76
70
62
71
62
46
57
47
48
55
66
57
41
56
71
58
58
42
77
64
44
54
67
60
44
58
51
63
53
56
55
60
64
61
62
63
4
70
60
48
64
57
60
69
59
71
60
35
65
75
58
77
85
50
57
61
50
68
73
61
60
58
58
63
89
60
70
49
48
72
71
56
56
80
67
60
70
75
61
70
47
55
53
62
41
68
59
41
43
63
74
51
60
59
66
57
74
64
71
49
63
62
68
63
67
51
62
61
69
55
70
69
61
47
56
59
64
77
61
75
75
73
64
47
87
77
55
60
59
83
71
75
41
68
75
93
44
58
71
60
71
66
68
49
62
53
60
57
66
75
57
60
59
25
52
56
74
66
46
73
57
75
70
73
72
41
49
53
53
68
69
46
66
57
61
81
64
57
50
81
91
60
66
76
72
66
66
78
41
75
71
67
72
74
55
58
45
50
60
62
66
65
73
109
81
60
49
45
48
58
43
45
82
72
75
79
54
106
68
51
60
39
47
60
47
64
63
60
80
29
69
45
55
40
67
91
70
73
60
58
61
73
73
71
54
57
56
61
63
63
71
60
77
50
40
79
68
61
62
62
54
60
63
44
39
58
48
51
53
78
21
39
59
58
75
42
83
42
93
65
62
62
67
56
49
85
73
62
56
78
66
47
59
49
54
44
59
92
74
76
62
61
53
69
77
50
50
55
83
70
69
70
59
75
57
52
74
39
66
62
65
53
59
63
68
65
55
59
84
61
63
45
68
52
62
62
56
46
70
46
70
68
73
53
66
48
61
65
57
57
32
86
91
36
60
42
68
45
61
63
72
80
59
72
66
61
81
73
45
68
46
54
52
67
71
57
51
73
33
61
57
76
57
51
33
64
54
48
67
29
69
46
63
37
63
48
62
50
60
59
24
75
64
52
65
68
88
73
71
70
61
56
68
96
53
66
61
60
57
66
66
69
57
46
47
74
72
79
77
45
74
60
86
47
82
78
52
75
66
67
54
64
61
48
64
68
63
46
58
52
66
28
57
52
66
58
25
47
69
66
67
82
42
50
48
67
66
57
54
13
75
52
52
58
54
68
60
30
60
61
51
29
56
77
34
67
68
60
70
63
61
63
50
79
59
79
65
57
57
57
58
59
62
68
62
64
65
68
84
66
50
52
63
97
49
72
59
65
68
72
78
55
46
72
63
66
71
57
63
76
49
68
57
54
77
73
44
78
52
41
29
65
52
61
54
66
43
69
54
47
68
65
50
63
58
70
67
40
63
83
67
72
62
91
67
66
79
78
57
59
73
74
74
51
65
58
65
72
40
47
63
82
63
51
76
80
74
77
52
54
46
63
58
59
67
58
61
59
62
66
72
62
67
80
68
52
47
55
64
35
76
60
101
73
54
73
40
55
71
50
54
76
74
45
48
59
58
46
74
78
33
56
83
41
80
54
66
66
59
69
48
55
67
62
67
71
71
62
58
69
42
62
66
65
62
82
66
76
45
36
74
63
62
58
76
53
59
76
52
62
40
61
62
61
44
61
57
58
56
58
75
26
76
56
51
64
76
50
65
56
44
42
51
61
58
56
71
61
59
58
54
71
56
61
56
73
70
66
58
31
61
50
41
81
74
62
59
61
67
62
86
89
73
72
66
58
53
46
57
81
35
80
45
57
60
67
65
68
83
52
41
64
71
46
77
70
86
58
45
64
68
74
68
74
64
84
60
64
70
59
49
47
50
72
73
64
66
64
72
64
76
48
67
53
59
44
70
66
74
72
57
47
75
98
61
78
69
58
57
66
61
70
52
57
68
52
87
68
40
50
59
75
44
52
55
72
39
32
67
48
59
63
58
62
74
83
42
49
57
92
86
57
70
71
72
36
75
55
70
74
72
63
72
58
56
69
59
37
72
65
79
75
65
82
67
51
59
64
66
47
62
41
59
51
75
52
75
61
65
74
70
64
52
82
54
62
66
65
54
56
38
74
91
52
75
88
70
69
94
86
64
99
48
65
51
71
56
65
58
63
40
53
85
73
56
65
97
55
85
47
72
61
78
67
57
69
65
63
78
59
71
62
62
64
43
60
69
74
78
64
56
49
61
80
69
62
58
72
68
100
67
77
48
43
69
71
66
69
75
71
74
58
54
74
30
65
67
70
58
57
75
53
59
63
67
75
53
73
79
72
82
65
66
60
45
28
65
80
54
67
50
60
34
41
68
63
59
52
47
63
61
66
56
49
38
64
66
62
71
74
70
68
52
86
63
46
77
56
75
80
58
51
65
81
77
36
62
54
67
67
48
79
64
41
45
69
69
57
69
62
48
60
54
53
65
68
64
47
69
54
63
71
53
59
52
26
67
71
57
69
58
43
73
63
56
68
64
49
57
51
92
60
81
46
64
53
62
67
21
56
58
88
69
64
61
60
44
81
41
80
88
66
62
68
60
40
74
60
83
65
73
66
53
51
44
28
61
47
65
65
78
58
54
31
86
51
54
78
71
65
88
66
51
61
56
67
74
60
59
46
53
63
56
62
47
50
60
52
84
63
73
54
49
67
38
70
56
62
58
75
80
79
88
55
78
66
56
81
62
71
70
92
71
73
78
58
71
55
49
81
57
79
55
51
68
59
64
68
46
57
49
43
49
43
72
47
73
75
78
43
50
35
43
51
52
72
73
40
41
66
45
72
84
59
69
72
72
71
63
53
66
56
73
79
62
33
70
84
65
58
88
62
64
55
70
58
60
65
60
70
70
74
61
84
58
55
74
50
75
92
49
67
70
55
62
80
47
42
80
65
56
60
63
33
60
57
64
84
45
43
53
56
44
58
84
58
73
73
62
73
49
70
46
85
63
59
70
46
54
55
80
66
59
100
59
62
53
54
73
63
58
61
55
48
72
66
66
45
77
30
68
57
55
60
77
65
52
83
67
64
69
75
62
56
60
96
41
55
67
55
87
62
68
68
36
77
69
65
53
52
49
72
57
86
67
45
52
79
107
37
53
76
64
60
43
82
64
57
61
61
60
65
44
62
46
65
66
68
79
69
57
61
60
75
64
54
60
71
58
82
76
70
60
74
63
51
62
71
55
72
48
73
54
69
76
69
66
58
65
64
43
64
87
70
48
57
74
65
52
57
63
39
57
67
76
34
58
61
63
40
59
34
62
50
48
49
65
59
84
48
65
55
91
49
75
65
60
69
61
52
76
80
82
71
74
61
73
56
65
49
66
56
59
56
74
62
67
62
63
42
97
69
59
46
63
58
62
63
43
69
61
58
79
57
72
75
69
85
27
31
78
80
54
54
49
103
60
70
61
70
33
74
53
60
50
70
49
68
87
80
58
69
22
80
76
43
68
48
65
28
57
81
58
55
75
74
53
68
52
82
82
60
58
63
67
65
71
51
72
32
71
76
58
58
80
68
69
55
51
64
50
73
82
54
47
36
61
60
46
60
72
73
58
30
71
65
65
60
68
60
73
58
50
53
72
58
66
51
69
38
102
82
59
54
69
53
51
81
48
68
42
73
71
57
54
47
48
74
67
78
42
63
44
43
58
71
66
54
83
59
66
81
76
52
68
54
60
71
76
72
84
46
72
52
63
62
64
70
80
97
59
56
58
37
67
62
45
63
106
43
71
49
59
46
52
70
63
57
52
44
63
74
79
45
57
46
61
28
61
69
38
71
67
64
57
55
70
77
45
62
65
58
63
88
47
73
70
65
42
58
33
56
70
66
57
57
64
47
65
58
57
78
77
67
67
58
78
56
66
62
69
64
58
70
40
53
55
61
78
69
38
64
83
62
53
61
65
65
67
44
44
48
60
76
62
66
73
63
66
58
69
68
49
72
74
61
106
74
88
62
34
83
53
53
72
77
70
92
33
62
82
62
70
61
61
77
87
61
65
56
53
62
64
66
64
57
67
77
52
63
73
57
62
62
59
62
61
44
59
59
59
63
79
64
74
70
66
64
71
54
47
62
17
54
92
65
64
63
62
66
49
62
54
62
69
69
66
68
61
82
69
80
58
95
65
54
77
70
72
66
80
59
50
47
32
45
51
63
64
63
68
71
62
73
55
55
74
59
67
81
65
79
70
71
75
57
61
71
93
39
70
59
67
74
64
56
68
68
73
23
51
68
42
95
59
54
50
53
67
60
76
82
64
54
67
68
65
66
38
68
61
63
73
67
57
87
57
55
91
60
57
46
45
73
55
37
59
44
100
77
72
45
80
56
71
41
30
70
63
68
59
63
60
73
52
67
55
42
49
47
59
75
70
54
71
52
56
97
76
56
73
67
85
72
75
67
78
38
69
84
74
42
34
58
68
53
66
75
84
76
86
23
64
44
48
60
50
55
70
65
76
51
41
41
67
78
