105
154
138
145
144
104
176
99
134
126
122
160
123
119
110
154
139
145
93
149
203
146
144
144
110
161
166
134
111
148
172
145
87
133
108
157
86
187
167
162
137
141
100
139
99
116
129
102
173
153
147
145
132
147
125
128
86
145
146
158
137
182
111
137
154
98
139
101
147
135
126
183
137
147
164
160
174
139
121
164
115
134
165
170
145
145
169
127
113
133
106
164
138
134
164
149
128
144
118
125
180
158
78
133
124
92
124
97
162
130
144
122
126
136
129
153
78
75
106
96
132
106
139
127
146
167
106
80
154
143
124
163
127
138
128
150
116
122
153
105
122
206
152
164
147
182
134
123
173
113
158
127
108
106
99
111
138
0
147
116
142
174
186
149
115
129
130
170
111
183
144
145
176
138
135
110
185
143
188
128
191
186
166
154
168
123
140
171
146
137
101
168
153
153
181
104
25
127
127
153
136
108
153
152
160
139
148
149
132
115
65
124
120
170
111
103
116
87
143
117
148
126
150
170
121
136
106
147
156
132
163
132
155
132
70
146
118
134
155
183
146
97
106
133
149
138
195
150
143
130
153
190
133
132
125
143
108
153
132
106
111
134
103
171
164
155
127
163
157
141
76
114
132
138
138
149
140
99
179
141
151
174
134
103
149
141
111
107
121
134
141
98
146
112
111
133
128
145
81
152
146
136
150
158
154
144
135
150
183
129
117
185
126
110
163
134
123
92
146
47
101
143
217
168
150
133
160
149
129
150
112
158
111
123
148
148
129
128
168
131
158
160
130
113
125
109
144
180
151
106
33
113
170
170
139
119
152
148
103
120
132
132
120
103
147
100
144
115
204
125
141
120
145
166
111
127
114
142
108
144
142
112
147
163
137
116
151
146
124
143
118
107
103
181
120
154
140
141
165
139
177
169
191
147
127
151
124
104
138
152
147
125
175
159
124
182
105
81
130
138
146
161
149
147
145
130
136
120
141
141
92
134
132
165
178
109
147
119
145
135
146
76
134
123
118
119
143
147
110
140
139
122
202
146
131
206
127
172
135
104
134
136
156
151
123
124
115
139
178
126
108
155
114
148
129
146
131
138
147
110
157
157
153
133
163
156
119
116
134
161
134
131
163
74
128
170
112
159
162
161
130
112
139
126
132
161
150
164
128
135
127
117
143
195
123
122
131
118
138
126
159
148
141
150
67
141
162
136
162
145
140
161
120
182
102
119
121
114
173
206
122
130
123
150
123
187
175
128
135
103
129
164
144
124
141
132
126
156
166
131
98
120
123
172
125
156
168
128
153
98
128
151
150
173
133
121
107
169
137
131
118
139
114
191
142
151
163
106
126
155
147
143
123
138
107
151
120
136
170
156
111
134
113
151
160
148
146
95
148
136
82
195
135
141
148
106
139
129
115
112
144
148
169
135
125
147
156
136
169
149
163
123
117
57
140
111
117
122
145
93
153
158
188
133
101
101
146
140
117
137
113
175
120
126
206
116
138
92
179
135
146
159
123
129
158
154
172
140
174
146
114
108
139
171
172
143
119
139
144
162
150
140
161
129
128
150
183
182
145
114
141
149
145
118
113
185
104
145
125
151
131
148
118
122
129
147
157
113
143
163
126
143
125
135
140
140
139
154
152
99
136
143
133
124
122
177
141
143
139
131
102
160
169
114
137
159
142
154
104
111
140
121
167
157
154
194
163
174
143
162
148
152
154
136
137
138
92
218
136
116
148
166
106
129
167
138
122
137
204
131
134
123
124
123
96
173
131
99
126
92
128
136
133
127
128
154
156
155
157
129
162
137
101
121
97
111
128
111
197
97
137
136
127
133
106
125
180
118
138
96
110
138
110
168
183
111
129
139
129
91
172
164
123
134
98
174
156
154
116
155
108
100
102
124
175
105
157
151
149
184
124
121
128
130
155
111
141
123
147
171
116
72
151
162
133
139
119
80
135
111
126
137
189
145
124
101
114
103
117
162
189
115
111
124
170
113
146
156
140
130
146
147
131
141
121
144
122
179
142
129
119
207
175
115
117
114
121
104
168
98
158
93
151
120
136
186
130
178
160
99
147
129
165
105
163
84
145
157
155
131
137
114
94
151
134
138
125
117
91
157
175
78
125
112
169
123
178
137
92
131
122
135
135
121
122
144
138
52
111
155
114
127
140
144
158
95
149
133
125
130
137
181
134
148
160
69
169
121
175
113
135
140
183
104
123
121
94
111
130
106
118
145
107
106
112
172
145
173
170
97
135
119
165
151
171
119
181
117
138
181
158
121
146
127
107
154
91
129
117
152
149
127
120
134
135
186
171
131
135
117
131
157
136
157
141
167
155
170
160
116
121
95
108
111
116
151
170
160
143
150
177
137
114
77
154
107
170
121
174
143
121
158
146
149
161
147
114
76
147
204
115
107
179
130
128
164
107
143
151
157
170
137
136
117
130
89
139
173
135
160
108
135
158
150
133
114
157
156
138
152
132
162
60
144
141
157
166
124
80
103
144
127
117
129
159
164
94
113
152
147
106
100
144
135
137
172
163
147
139
155
149
141
181
154
152
141
143
117
157
143
182
141
128
103
178
189
134
157
148
108
159
115
187
84
165
199
99
130
133
160
128
143
157
132
133
123
124
124
176
123
114
120
185
99
145
180
166
121
119
121
150
114
142
116
161
144
144
125
157
179
132
108
137
146
145
126
140
127
209
153
155
108
164
169
132
164
134
138
152
117
118
111
149
118
160
157
127
143
169
91
92
83
131
116
125
119
127
124
164
147
124
131
150
122
142
188
116
175
118
122
127
170
100
138
127
176
142
140
146
152
108
81
170
138
131
140
140
151
167
127
109
131
174
101
141
108
186
169
140
123
147
108
131
139
183
121
172
89
113
107
127
116
137
125
121
197
147
151
130
143
125
100
150
132
113
170
137
154
157
96
128
146
167
139
83
132
113
147
109
128
136
152
89
170
132
111
147
84
101
96
162
150
104
130
154
134
140
120
134
158
179
144
118
173
146
113
129
114
109
133
116
144
147
116
101
123
91
138
134
149
140
89
125
157
155
135
157
114
163
127
122
161
103
122
140
127
149
151
142
161
101
136
146
148
142
135
125
138
113
155
160
176
142
117
161
166
119
137
106
129
145
138
168
146
156
137
166
198
146
144
151
117
134
164
155
113
123
138
193
123
46
87
144
131
165
134
112
104
121
154
129
157
163
90
159
140
146
139
153
102
183
146
104
97
167
93
124
133
102
162
172
127
108
152
88
142
123
138
124
154
145
144
123
154
137
107
162
96
136
145
164
137
117
159
126
129
189
170
137
118
144
161
177
138
162
130
156
128
115
162
143
143
121
133
151
152
157
134
127
120
167
146
144
128
75
144
147
128
139
110
99
164
130
150
161
114
124
118
121
116
154
54
147
145
178
152
121
107
132
146
148
141
92
137
128
139
155
129
126
161
111
53
123
147
143
109
150
160
118
155
134
153
115
158
135
158
161
71
90
119
166
182
141
133
134
166
127
168
122
114
146
167
123
127
127
157
164
111
99
115
109
158
108
141
139
149
143
157
148
160
148
134
75
107
98
164
139
186
183
167
123
173
138
90
124
173
157
115
145
120
103
122
119
120
134
137
108
146
139
124
141
157
107
124
223
62
159
119
156
156
168
110
133
104
127
189
135
111
126
143
149
98
138
121
146
158
120
177
134
140
164
156
113
183
163
150
101
142
138
171
147
148
135
148
121
130
130
124
132
147
158
111
101
186
140
128
122
129
182
161
134
131
108
150
158
166
131
107
128
135
161
94
127
113
120
141
163
136
66
136
160
147
132
132
148
135
152
149
142
126
170
144
134
146
133
185
91
136
136
152
159
208
146
106
145
127
137
109
136
136
128
120
137
137
163
127
148
154
151
143
133
120
158
144
151
180
123
149
103
156
151
153
158
111
167
116
159
140
136
116
120
156
170
141
154
145
140
147
144
98
150
112
112
139
155
153
174
161
142
147
101
92
96
129
126
136
136
142
157
149
118
179
32
164
162
123
134
159
163
146
127
121
123
90
111
118
123
137
108
129
111
132
126
118
138
157
143
187
153
135
148
133
144
154
114
104
72
100
158
140
125
85
154
175
162
121
160
162
135
119
119
162
119
131
97
154
149
161
127
131
127
142
137
166
127
116
136
144
172
151
121
173
146
138
135
139
104
103
130
139
141
182
143
132
143
194
149
169
147
139
170
139
150
157
186
73
116
111
190
167
175
185
159
143
179
152
146
152
82
180
120
138
146
152
121
142
160
143
153
155
171
152
119
153
179
189
136
145
118
162
150
151
137
104
107
129
143
162
146
135
139
91
162
157
173
107
154
104
145
136
124
129
185
170
149
160
122
150
133
131
110
121
181
150
132
121
147
140
161
131
109
154
173
133
136
154
129
172
120
147
126
133
141
140
147
124
170
131
105
145
120
278
137
124
120
144
136
91
155
146
147
137
131
140
117
138
99
104
96
145
103
94
110
155
85
104
151
151
110
121
199
169
108
132
156
174
103
147
87
109
145
90
127
132
121
129
153
91
173
125
113
119
166
105
140
131
124
137
211
186
164
136
126
156
94
136
152
111
167
135
151
187
77
132
193
143
107
102
162
109
132
124
138
157
109
130
143
125
