54
48
54
47
57
44
25
55
48
65
45
45
49
48
38
33
47
46
53
55
54
49
45
59
27
54
68
51
53
38
53
51
54
49
50
57
62
70
35
48
54
61
45
46
56
46
42
44
41
55
37
66
56
54
51
48
47
67
60
63
58
52
48
67
38
61
42
54
52
61
66
56
51
55
54
56
57
34
35
52
46
54
75
47
51
61
52
49
59
46
60
47
47
54
41
73
72
53
50
48
51
51
46
47
36
59
58
57
55
66
49
52
55
58
37
38
45
65
49
46
58
56
34
44
60
43
55
52
56
57
52
60
67
35
38
49
65
46
65
57
49
49
49
57
54
63
46
38
55
49
40
45
61
54
60
40
45
0
49
54
37
49
39
41
56
66
61
52
54
57
41
57
43
56
61
35
42
62
46
65
48
31
42
45
36
54
53
37
43
54
55
55
48
55
53
63
57
57
64
29
53
58
37
50
45
57
45
46
45
55
50
64
55
21
86
40
30
45
57
52
54
57
52
51
61
52
58
54
63
53
57
40
41
62
56
65
61
50
55
60
57
57
62
55
44
43
35
46
46
53
34
53
41
64
45
42
40
53
58
39
30
36
57
56
51
46
53
32
60
51
74
64
68
48
40
52
47
54
49
52
61
48
56
43
35
55
51
28
38
50
50
55
46
58
57
44
47
59
23
35
52
50
52
48
62
32
38
68
50
70
44
41
69
41
56
50
57
45
53
60
58
39
41
43
46
43
56
36
48
51
52
27
32
41
58
53
45
34
65
68
64
55
42
55
47
58
61
48
35
44
43
24
59
42
56
52
60
55
59
43
48
20
47
53
40
51
36
55
52
42
50
50
58
56
51
56
50
58
71
41
43
52
46
46
46
57
48
49
35
42
56
58
43
48
59
45
38
50
46
53
50
34
61
53
47
29
62
50
67
64
47
22
65
58
68
51
47
58
56
46
80
46
51
46
31
52
13
44
65
69
60
57
50
51
52
56
61
62
60
59
56
59
48
41
41
48
50
45
37
57
38
49
39
65
63
45
51
52
64
47
50
38
55
47
59
55
52
58
36
49
45
42
57
47
25
45
50
44
45
69
55
36
46
41
54
52
48
45
54
41
32
50
40
58
49
44
53
40
44
36
49
33
46
55
58
46
45
58
68
53
43
40
39
66
53
38
79
55
21
52
36
42
45
49
51
47
49
52
52
54
59
73
47
65
50
52
49
47
51
41
35
73
31
53
45
44
50
57
50
49
62
49
52
56
53
51
39
54
50
64
49
47
56
60
49
50
46
56
76
39
36
51
57
40
44
47
65
44
48
54
56
47
46
56
41
39
53
59
52
55
37
54
44
41
47
46
49
37
69
55
51
37
54
47
54
57
40
59
38
51
58
55
53
49
53
29
52
53
52
40
46
53
60
24
56
55
33
46
43
60
45
69
41
41
30
42
37
45
52
36
48
56
50
64
57
44
49
65
86
59
52
45
57
46
68
47
47
46
39
40
66
57
50
39
45
50
46
51
75
42
34
53
57
40
38
43
34
51
49
69
51
27
42
60
60
55
57
46
54
58
58
57
61
40
48
53
57
48
52
67
67
59
33
51
32
48
59
42
58
33
74
46
59
60
59
61
46
65
44
46
40
60
54
54
41
40
35
46
60
50
59
43
53
75
60
53
42
52
66
55
51
60
53
43
30
65
54
64
61
54
49
57
49
45
48
48
50
72
64
43
41
49
51
42
47
64
44
60
52
65
44
50
62
63
58
52
64
45
52
46
48
60
73
56
74
50
41
51
42
50
47
40
59
52
51
56
46
52
49
44
55
51
45
58
46
53
28
59
52
65
45
52
56
63
57
70
50
48
38
60
45
50
52
54
44
49
58
59
49
16
47
55
70
55
49
34
50
60
50
54
55
53
60
11
43
56
36
56
42
50
60
54
60
54
60
47
58
45
45
59
35
31
54
43
36
47
54
58
55
72
60
57
51
45
53
42
64
51
72
62
55
48
56
63
47
53
47
31
51
48
33
43
59
39
64
33
53
46
67
49
43
48
66
49
39
47
56
59
53
51
38
58
47
50
75
61
52
57
36
54
43
55
51
68
30
51
68
53
62
56
41
41
50
51
29
50
63
51
58
60
50
46
58
61
39
60
63
64
46
60
62
54
57
52
59
54
61
45
68
38
57
33
52
61
84
53
51
46
47
44
56
67
18
44
55
52
45
63
48
54
65
46
45
55
60
48
53
53
41
58
41
55
49
48
69
45
49
41
61
43
41
50
52
46
54
61
38
68
32
58
40
41
49
55
45
50
49
52
37
61
52
47
53
42
54
52
39
49
62
56
60
34
59
55
46
43
48
38
50
107
45
56
59
50
46
48
47
58
47
62
50
62
63
56
36
59
53
57
56
53
63
37
46
54
65
70
44
45
43
71
71
57
55
41
50
30
60
54
52
56
59
84
40
58
69
48
51
64
59
41
44
61
30
54
69
38
49
45
58
63
50
42
28
46
53
49
54
29
38
53
55
48
46
45
47
44
45
52
57
63
47
45
62
52
45
38
42
47
40
47
64
61
46
48
40
51
33
38
58
30
54
38
42
53
28
54
59
72
26
54
53
62
36
43
54
51
55
48
42
69
65
52
52
45
29
54
63
42
55
49
36
57
55
40
9
49
47
62
48
61
39
68
68
44
47
63
53
48
58
59
32
60
52
53
46
54
60
47
48
49
48
45
80
40
57
58
53
39
57
34
27
32
60
49
41
49
54
50
46
45
52
49
56
35
57
62
46
44
65
59
37
72
68
59
50
63
56
45
40
35
43
31
53
61
65
29
54
41
34
57
62
62
31
53
71
44
50
53
65
32
43
58
62
71
59
47
55
53
49
55
61
59
54
51
65
46
61
34
43
58
51
45
48
63
54
39
56
50
43
58
42
36
50
53
50
42
54
64
52
55
80
68
43
44
45
64
68
57
42
52
54
43
45
50
42
48
61
48
62
43
56
49
57
52
48
44
52
61
56
50
56
27
21
49
41
52
49
50
36
64
24
55
50
70
52
58
38
52
68
57
67
60
44
49
34
49
47
60
44
41
58
46
48
45
56
45
50
58
38
39
53
49
64
48
46
39
58
60
58
54
57
47
64
77
54
50
52
37
46
67
60
31
49
62
62
52
44
46
61
70
48
63
65
50
36
50
45
45
44
49
43
51
60
50
41
50
59
59
41
47
43
54
63
47
52
41
78
43
65
58
71
55
55
43
44
60
56
47
49
46
57
59
47
55
65
50
66
46
63
41
65
37
54
50
34
87
51
51
44
49
63
66
57
57
47
46
56
42
42
46
54
66
58
25
56
59
76
47
47
59
51
53
53
48
60
54
51
49
63
47
52
27
66
50
66
42
41
46
44
61
46
46
45
46
85
59
72
38
61
50
68
61
52
48
73
52
25
63
53
30
45
43
48
68
53
55
55
40
44
59
47
59
39
65
52
37
54
44
57
47
43
58
46
48
57
42
47
50
60
35
51
48
51
48
67
40
28
86
63
64
47
47
52
49
55
58
58
28
74
52
44
63
51
39
61
30
46
30
50
58
50
55
44
67
69
48
68
50
42
59
33
52
50
55
72
54
56
49
47
61
26
58
48
35
39
43
53
65
49
44
59
37
46
24
85
52
45
59
41
46
61
57
66
69
59
52
53
52
44
53
54
48
57
54
77
42
43
62
61
53
57
51
50
59
45
52
50
64
46
55
48
41
52
70
48
31
52
48
73
56
46
56
53
72
34
36
45
46
43
54
58
58
56
63
55
54
49
51
44
41
55
59
41
47
50
55
73
47
55
59
47
39
47
68
45
55
46
56
30
56
43
52
43
52
50
60
40
53
42
45
57
57
58
62
51
38
63
47
49
35
55
71
47
46
58
57
52
48
59
46
46
43
49
53
58
48
70
37
22
53
60
57
56
36
47
51
30
58
51
53
58
58
63
52
50
37
44
48
53
58
60
36
43
44
54
28
51
35
52
42
48
57
34
52
76
61
59
61
49
81
57
42
45
64
57
45
42
47
39
63
46
57
39
50
53
58
44
51
48
42
52
63
46
43
59
68
49
45
28
48
40
44
68
35
58
56
53
45
64
57
64
48
31
53
52
31
45
51
39
75
52
66
57
54
71
42
58
37
59
46
60
43
54
58
46
58
44
56
47
47
47
46
52
47
52
50
47
45
65
47
34
48
43
51
63
59
31
77
40
47
20
41
54
67
59
58
42
58
50
42
53
44
59
48
63
45
44
52
44
52
42
37
63
64
35
53
48
34
49
75
59
56
54
57
60
56
59
56
49
58
59
67
56
55
53
56
51
30
33
62
58
56
56
43
38
53
55
58
65
52
60
50
52
54
43
79
61
52
61
61
57
45
52
44
62
63
48
51
47
52
66
44
44
46
40
57
43
38
50
53
53
52
48
39
57
44
58
45
58
58
52
50
64
44
38
68
65
46
41
43
49
22
52
57
53
45
55
63
43
42
65
57
47
36
31
48
38
50
46
59
77
46
48
71
43
51
42
61
54
35
43
59
47
51
44
49
59
55
57
59
55
50
52
54
33
54
50
36
51
39
53
66
65
53
46
35
50
66
50
54
50
59
65
39
38
63
53
61
