301
524
419
394
188
323
259
215
426
388
330
277
144
276
283
406
273
369
436
183
337
323
221
222
290
306
309
229
285
496
210
235
352
414
382
386
380
396
357
299
427
207
392
387
353
336
359
337
281
312
184
377
308
310
312
590
336
477
279
298
257
424
449
367
362
311
440
239
256
352
282
396
304
302
310
240
309
449
294
368
330
253
448
366
271
562
292
366
285
317
240
385
352
489
122
338
290
230
131
302
321
341
283
383
405
383
421
177
308
301
330
417
344
189
271
360
371
263
361
440
360
377
308
273
279
312
415
394
248
189
281
441
371
362
405
232
324
277
283
330
298
386
199
379
439
198
328
224
297
323
422
333
508
407
255
409
378
0
110
501
428
365
445
396
358
414
264
276
385
334
255
441
410
312
317
343
243
387
395
357
358
348
318
362
327
320
354
325
274
414
364
260
331
316
255
276
347
374
248
255
369
230
173
399
333
380
324
365
424
262
335
333
329
396
373
327
283
304
314
232
241
417
339
328
320
252
285
666
277
313
263
294
353
295
354
213
241
257
237
327
286
489
359
435
346
409
111
461
246
340
300
299
433
319
409
228
389
332
303
186
357
327
337
312
411
308
287
258
329
262
437
311
192
228
370
328
334
305
247
158
479
253
324
396
239
340
400
431
316
314
568
141
340
266
298
293
403
317
294
429
419
312
232
371
268
443
179
280
369
318
353
346
316
91
264
346
304
330
230
347
279
358
410
373
212
214
244
378
33
244
278
300
374
373
411
255
279
390
183
250
202
346
285
284
334
428
282
389
349
346
296
259
323
335
238
273
309
403
332
384
342
323
467
489
333
214
354
313
187
315
331
387
339
267
457
299
347
467
377
257
345
406
398
346
248
348
272
235
336
282
336
424
282
247
279
359
152
354
359
308
383
344
348
408
250
276
274
302
255
338
304
75
392
298
372
414
308
324
356
273
435
286
306
309
304
284
316
280
258
320
370
219
354
380
379
341
412
433
303
223
297
427
295
331
346
295
309
353
363
315
230
289
362
294
281
315
346
142
286
348
258
445
333
257
322
409
409
238
294
186
267
318
325
439
451
283
367
302
284
335
290
421
295
146
382
332
314
391
307
362
392
336
318
486
317
198
205
260
253
497
365
431
332
440
331
391
288
302
11
225
340
296
184
395
421
191
333
209
213
177
414
217
377
347
510
383
378
350
419
222
295
227
306
280
339
310
297
308
382
304
311
343
282
320
204
259
294
357
173
281
382
336
273
181
281
369
337
387
230
423
482
258
371
328
346
280
313
311
219
302
397
331
249
282
192
349
351
335
683
238
405
482
127
275
311
299
380
322
266
338
394
289
330
303
246
263
309
255
408
314
294
162
299
323
204
313
287
459
359
321
272
217
325
332
311
327
315
328
341
401
202
318
301
251
285
229
386
297
310
264
302
164
317
289
330
332
309
401
355
293
